11
123 12
23 323
234 43
132 15
456 68
32 43
45 66
65 128
165 146
380 84
225 300

[79.4, 52.8]
[23, 323]
[199.5, 94.5]
[418.0, 76.0]
[225, 300]

0 1 2 0 3 0 0 0 2 3 4

[106.66666666666667, 51.666666666666664]
[23, 323]
[199.5, 94.5]
[418.0, 76.0]
[38.5, 54.5]
[225, 300]

0 1 2 0 3 4 4 0 2 3 5




[79.4, 52.8]
[23, 323]
[234, 43]
[418.0, 76.0]
[165, 146]
[225, 300]

0 1 2 0 3 0 0 0 4 3 5

[113.71428571428571, 64.71428571428571]
[23, 323]
[418.0, 76.0]
[225, 300]

0 1 0 0 2 0 0 0 0 2 3

[163.0, 23.333333333333332]
[23, 323]
[418.0, 76.0]
[47.333333333333336, 79.0]
[165, 146]
[225, 300]

0 1 0 0 2 3 3 3 4 2 5

[123, 12]
[23, 323]
[234, 43]
[132, 15]
[456, 68]
[32, 43]
[45, 66]
[65, 128]
[165, 146]
[380, 84]
[225, 300]

0 1 2 3 4 5 6 7 8 9 10

[113.71428571428571, 64.71428571428571]
[23, 323]
[418.0, 76.0]
[225, 300]

0 1 0 0 2 0 0 0 0 2 3
